BezierCurve0=0.265626
BezierCurve1=0.507811
BezierCurve2=0.757812
BezierCurve3=0.249999
BezierCurve4=0
UseBezier=1
