SplitterH.SplitRatio=0.500000
PerspectiveCameraLocY0=20.499449
PerspectiveCameraLocX3=41.803936
PerspectiveCameraRotY1=-0.000000
SplitterV.SplitRatio=0.500000
PerspectiveCameraRotX2=-0.558474
ShowFlag1=31
CameraSpeedSetting0=1
CameraSpeedScalar0=0.022407
PerspectiveCameraRotY2=-0.000000
PerspectiveCameraLocX0=41.803936
GridSize0=10.000000
PerspectiveCameraLocZ0=2.945108
ShowFlag3=31
CameraSpeedSetting2=1
PerspectiveCameraRotX0=-0.558474
PerspectiveCameraLocX2=41.803936
PerspectiveCameraRotY0=-0.000000
PerspectiveCameraRotZ0=125.323334
PerspectiveCameraRotX3=-0.558474
CameraSpeedSetting1=1
ShowFlag0=62
ViewMode0=2
ViewportType0=0
CameraSpeedScalar1=1.000000
GridSize1=10.000000
PerspectiveCameraRotY3=-0.000000
PerspectiveCameraLocX1=41.803936
ScreenHeight=961
PerspectiveCameraLocY1=20.499449
PerspectiveCameraLocZ1=2.945108
CameraSpeedSetting3=1
ShowFlag2=31
PerspectiveCameraRotX1=-0.558474
PerspectiveCameraRotZ1=125.323334
ViewMode1=0
ViewportType1=3
CameraSpeedScalar2=1.000000
GridSize2=10.000000
PerspectiveCameraLocY2=20.499449
PerspectiveCameraLocZ2=2.945108
PerspectiveCameraRotZ2=125.323334
ScreenWidth=1284
ViewMode2=0
ViewportType2=3
CameraSpeedScalar3=1.000000
GridSize3=10.000000
PerspectiveCameraLocY3=20.499449
PerspectiveCameraLocZ3=2.945108
PerspectiveCameraRotZ3=125.323334
ViewMode3=0
ViewportType3=3
OrthoZoomSize=28.000000
ActiveViewportIndex=0
bMultiView=0
OrthoPivotX=20.750111
OrthoPivotY=-11.699964
OrthoPivotZ=0.949976
