SplitterH.SplitRatio=0.500000
PerspectiveCameraLocY0=-0.025307
PerspectiveCameraLocX3=-0.199938
PerspectiveCameraRotY1=0.000000
SplitterV.SplitRatio=0.500000
PerspectiveCameraRotX2=-0.000000
ShowFlag1=31
CameraSpeedSetting0=1
CameraSpeedScalar0=0.100000
PerspectiveCameraRotY2=0.000000
PerspectiveCameraLocX0=-0.199938
GridSize0=10.000000
PerspectiveCameraLocZ0=5.000000
ShowFlag3=31
CameraSpeedSetting2=1
PerspectiveCameraRotX0=-0.000000
PerspectiveCameraLocX2=-0.199938
PerspectiveCameraRotY0=0.000000
PerspectiveCameraRotZ0=0.290000
PerspectiveCameraRotX3=-0.000000
CameraSpeedSetting1=1
ShowFlag0=62
ViewMode0=2
ViewportType0=0
CameraSpeedScalar1=1.000000
GridSize1=10.000000
PerspectiveCameraRotY3=0.000000
PerspectiveCameraLocX1=-0.199938
ScreenHeight=961
PerspectiveCameraLocY1=-0.025307
PerspectiveCameraLocZ1=5.000000
CameraSpeedSetting3=1
ShowFlag2=31
PerspectiveCameraRotX1=-0.000000
PerspectiveCameraRotZ1=0.290000
ViewMode1=0
ViewportType1=3
CameraSpeedScalar2=1.000000
GridSize2=10.000000
PerspectiveCameraLocY2=-0.025307
PerspectiveCameraLocZ2=5.000000
PerspectiveCameraRotZ2=0.290000
ScreenWidth=1284
ViewMode2=0
ViewportType2=3
CameraSpeedScalar3=1.000000
GridSize3=10.000000
PerspectiveCameraLocY3=-0.025307
PerspectiveCameraLocZ3=5.000000
PerspectiveCameraRotZ3=0.290000
ViewMode3=0
ViewportType3=3
OrthoZoomSize=28.000000
ActiveViewportIndex=0
bMultiView=0
OrthoPivotX=20.750111
OrthoPivotY=-11.699964
OrthoPivotZ=0.949976
