SplitterH.SplitRatio=0.500000
PerspectiveCameraLocY0=7.684735
PerspectiveCameraLocX3=4.030725
PerspectiveCameraRotY1=-0.333802
SplitterV.SplitRatio=0.500000
PerspectiveCameraRotX2=0.075936
ShowFlag1=31
CameraSpeedSetting0=1
CameraSpeedScalar0=0.314511
PerspectiveCameraRotY2=-0.333802
PerspectiveCameraLocX0=4.030725
GridSize0=10.000000
PerspectiveCameraLocZ0=4.553609
ShowFlag3=31
CameraSpeedSetting2=1
PerspectiveCameraRotX0=0.075936
PerspectiveCameraLocX2=4.030725
PerspectiveCameraRotY0=-0.333802
PerspectiveCameraRotZ0=1.425521
PerspectiveCameraRotX3=0.075936
CameraSpeedSetting1=1
ShowFlag0=62
ViewMode0=2
ViewportType0=0
CameraSpeedScalar1=1.000000
GridSize1=10.000000
PerspectiveCameraRotY3=-0.333802
PerspectiveCameraLocX1=4.030725
ScreenHeight=961
PerspectiveCameraLocY1=7.684735
PerspectiveCameraLocZ1=4.553609
CameraSpeedSetting3=1
ShowFlag2=31
PerspectiveCameraRotX1=0.075936
PerspectiveCameraRotZ1=1.425521
ViewMode1=0
ViewportType1=3
CameraSpeedScalar2=1.000000
GridSize2=10.000000
PerspectiveCameraLocY2=7.684735
PerspectiveCameraLocZ2=4.553609
PerspectiveCameraRotZ2=1.425521
ScreenWidth=1284
ViewMode2=0
ViewportType2=3
CameraSpeedScalar3=1.000000
GridSize3=10.000000
PerspectiveCameraLocY3=7.684735
PerspectiveCameraLocZ3=4.553609
PerspectiveCameraRotZ3=1.425521
ViewMode3=0
ViewportType3=3
OrthoZoomSize=28.000000
ActiveViewportIndex=0
bMultiView=0
OrthoPivotX=20.750111
OrthoPivotY=-11.699964
OrthoPivotZ=0.949976
