SplitterH.SplitRatio=0.500000
PerspectiveCameraLocY0=9.969987
PerspectiveCameraLocX3=23.787302
PerspectiveCameraRotY1=0.001774
SplitterV.SplitRatio=0.500000
PerspectiveCameraRotX2=-0.002843
ShowFlag1=31
CameraSpeedSetting0=1
CameraSpeedScalar0=1.409528
PerspectiveCameraRotY2=0.001774
PerspectiveCameraLocX0=23.787302
GridSize0=10.000000
PerspectiveCameraLocZ0=3.080000
ShowFlag3=31
CameraSpeedSetting2=1
PerspectiveCameraRotX0=-0.002843
PerspectiveCameraLocX2=23.787302
PerspectiveCameraRotY0=0.001774
PerspectiveCameraRotZ0=1.195975
PerspectiveCameraRotX3=-0.002843
CameraSpeedSetting1=1
ShowFlag0=62
ViewMode0=2
ViewportType0=0
CameraSpeedScalar1=1.000000
GridSize1=10.000000
PerspectiveCameraRotY3=0.001774
PerspectiveCameraLocX1=23.787302
ScreenHeight=961
PerspectiveCameraLocY1=9.969987
PerspectiveCameraLocZ1=3.080000
CameraSpeedSetting3=1
ShowFlag2=31
PerspectiveCameraRotX1=-0.002843
PerspectiveCameraRotZ1=1.195975
ViewMode1=0
ViewportType1=3
CameraSpeedScalar2=1.000000
GridSize2=10.000000
PerspectiveCameraLocY2=9.969987
PerspectiveCameraLocZ2=3.080000
PerspectiveCameraRotZ2=1.195975
ScreenWidth=1284
ViewMode2=0
ViewportType2=3
CameraSpeedScalar3=1.000000
GridSize3=10.000000
PerspectiveCameraLocY3=9.969987
PerspectiveCameraLocZ3=3.080000
PerspectiveCameraRotZ3=1.195975
ViewMode3=0
ViewportType3=3
OrthoZoomSize=28.000000
ActiveViewportIndex=0
bMultiView=0
OrthoPivotX=20.750111
OrthoPivotY=-11.699964
OrthoPivotZ=0.949976
