SplitterH.SplitRatio=0.500000
PerspectiveCameraLocY0=-8.693426
PerspectiveCameraLocX3=-4.280094
PerspectiveCameraRotY1=0.000000
SplitterV.SplitRatio=0.500000
PerspectiveCameraRotX2=-0.000000
ShowFlag1=31
CameraSpeedSetting0=1
CameraSpeedScalar0=1.050489
PerspectiveCameraRotY2=0.000000
PerspectiveCameraLocX0=-4.280094
GridSize0=10.000000
PerspectiveCameraLocZ0=12.672999
ShowFlag3=31
CameraSpeedSetting2=1
PerspectiveCameraRotX0=-0.000000
PerspectiveCameraLocX2=-4.280094
PerspectiveCameraRotY0=0.000000
PerspectiveCameraRotZ0=9.700008
PerspectiveCameraRotX3=-0.000000
CameraSpeedSetting1=1
ShowFlag0=62
ViewMode0=2
ViewportType0=0
CameraSpeedScalar1=1.000000
GridSize1=10.000000
PerspectiveCameraRotY3=0.000000
PerspectiveCameraLocX1=-4.280094
ScreenHeight=961
PerspectiveCameraLocY1=-8.693426
PerspectiveCameraLocZ1=12.672999
CameraSpeedSetting3=1
ShowFlag2=31
PerspectiveCameraRotX1=-0.000000
PerspectiveCameraRotZ1=9.700008
ViewMode1=0
ViewportType1=3
CameraSpeedScalar2=1.000000
GridSize2=10.000000
PerspectiveCameraLocY2=-8.693426
PerspectiveCameraLocZ2=12.672999
PerspectiveCameraRotZ2=9.700008
ScreenWidth=1284
ViewMode2=0
ViewportType2=3
CameraSpeedScalar3=1.000000
GridSize3=10.000000
PerspectiveCameraLocY3=-8.693426
PerspectiveCameraLocZ3=12.672999
PerspectiveCameraRotZ3=9.700008
ViewMode3=0
ViewportType3=3
OrthoZoomSize=28.000000
ActiveViewportIndex=0
bMultiView=0
OrthoPivotX=20.750111
OrthoPivotY=-11.699964
OrthoPivotZ=0.949976
