SplitterH.SplitRatio=0.500000
PerspectiveCameraLocY0=2.799999
PerspectiveCameraLocX3=-12.200001
PerspectiveCameraRotY1=0.309736
SplitterV.SplitRatio=0.500000
PerspectiveCameraRotX2=-3.141593
ShowFlag1=31
CameraSpeedSetting0=1
CameraSpeedScalar0=0.162441
PerspectiveCameraRotY2=0.309736
PerspectiveCameraLocX0=-12.200001
GridSize0=10.000000
PerspectiveCameraLocZ0=10.000000
ShowFlag3=31
CameraSpeedSetting2=1
PerspectiveCameraRotX0=-3.141593
PerspectiveCameraLocX2=-12.200001
PerspectiveCameraRotY0=0.309736
PerspectiveCameraRotZ0=3.141593
PerspectiveCameraRotX3=-3.141593
CameraSpeedSetting1=1
ShowFlag0=30
ViewMode0=2
ViewportType0=0
CameraSpeedScalar1=1.000000
GridSize1=10.000000
PerspectiveCameraRotY3=0.309736
PerspectiveCameraLocX1=-12.200001
ScreenHeight=961
PerspectiveCameraLocY1=2.799999
PerspectiveCameraLocZ1=10.000000
CameraSpeedSetting3=1
ShowFlag2=31
PerspectiveCameraRotX1=-3.141593
PerspectiveCameraRotZ1=3.141593
ViewMode1=0
ViewportType1=3
CameraSpeedScalar2=1.000000
GridSize2=10.000000
PerspectiveCameraLocY2=2.799999
PerspectiveCameraLocZ2=10.000000
PerspectiveCameraRotZ2=3.141593
ScreenWidth=1284
ViewMode2=0
ViewportType2=3
CameraSpeedScalar3=1.000000
GridSize3=10.000000
PerspectiveCameraLocY3=2.799999
PerspectiveCameraLocZ3=10.000000
PerspectiveCameraRotZ3=3.141593
ViewMode3=0
ViewportType3=3
OrthoZoomSize=22.000000
ActiveViewportIndex=0
bMultiView=0
OrthoPivotX=0.200112
OrthoPivotY=-11.699964
OrthoPivotZ=-0.250024
