SplitterH.SplitRatio=0.500000
PerspectiveCameraLocY0=18.952261
PerspectiveCameraLocX3=26.255854
PerspectiveCameraRotY1=-0.000000
SplitterV.SplitRatio=0.500000
PerspectiveCameraRotX2=-0.720785
ShowFlag1=31
CameraSpeedSetting0=1
CameraSpeedScalar0=0.022407
PerspectiveCameraRotY2=-0.000000
PerspectiveCameraLocX0=26.255854
GridSize0=10.000000
PerspectiveCameraLocZ0=3.153705
ShowFlag3=31
CameraSpeedSetting2=1
PerspectiveCameraRotX0=-0.720785
PerspectiveCameraLocX2=26.255854
PerspectiveCameraRotY0=-0.000000
PerspectiveCameraRotZ0=32.103504
PerspectiveCameraRotX3=-0.720785
CameraSpeedSetting1=1
ShowFlag0=62
ViewMode0=2
ViewportType0=0
CameraSpeedScalar1=1.000000
GridSize1=10.000000
PerspectiveCameraRotY3=-0.000000
PerspectiveCameraLocX1=26.255854
ScreenHeight=961
PerspectiveCameraLocY1=18.952261
PerspectiveCameraLocZ1=3.153705
CameraSpeedSetting3=1
ShowFlag2=31
PerspectiveCameraRotX1=-0.720785
PerspectiveCameraRotZ1=32.103504
ViewMode1=0
ViewportType1=3
CameraSpeedScalar2=1.000000
GridSize2=10.000000
PerspectiveCameraLocY2=18.952261
PerspectiveCameraLocZ2=3.153705
PerspectiveCameraRotZ2=32.103504
ScreenWidth=1284
ViewMode2=0
ViewportType2=3
CameraSpeedScalar3=1.000000
GridSize3=10.000000
PerspectiveCameraLocY3=18.952261
PerspectiveCameraLocZ3=3.153705
PerspectiveCameraRotZ3=32.103504
ViewMode3=0
ViewportType3=3
OrthoZoomSize=28.000000
ActiveViewportIndex=0
bMultiView=0
OrthoPivotX=20.750111
OrthoPivotY=-11.699964
OrthoPivotZ=0.949976
