SplitterH.SplitRatio=0.500000
PerspectiveCameraLocY0=10.511699
PerspectiveCameraLocX3=9.270853
PerspectiveCameraRotY1=0.000000
SplitterV.SplitRatio=0.500000
PerspectiveCameraRotX2=-0.000000
ShowFlag1=31
CameraSpeedSetting0=1
CameraSpeedScalar0=0.314511
PerspectiveCameraRotY2=0.000000
PerspectiveCameraLocX0=9.270853
GridSize0=10.000000
PerspectiveCameraLocZ0=3.080000
ShowFlag3=31
CameraSpeedSetting2=1
PerspectiveCameraRotX0=-0.000000
PerspectiveCameraLocX2=9.270853
PerspectiveCameraRotY0=0.000000
PerspectiveCameraRotZ0=4.440011
PerspectiveCameraRotX3=-0.000000
CameraSpeedSetting1=1
ShowFlag0=62
ViewMode0=2
ViewportType0=0
CameraSpeedScalar1=1.000000
GridSize1=10.000000
PerspectiveCameraRotY3=0.000000
PerspectiveCameraLocX1=9.270853
ScreenHeight=1137
PerspectiveCameraLocY1=10.511699
PerspectiveCameraLocZ1=3.080000
CameraSpeedSetting3=1
ShowFlag2=31
PerspectiveCameraRotX1=-0.000000
PerspectiveCameraRotZ1=4.440011
ViewMode1=0
ViewportType1=3
CameraSpeedScalar2=1.000000
GridSize2=10.000000
PerspectiveCameraLocY2=10.511699
PerspectiveCameraLocZ2=3.080000
PerspectiveCameraRotZ2=4.440011
ScreenWidth=1920
ViewMode2=0
ViewportType2=3
CameraSpeedScalar3=1.000000
GridSize3=10.000000
PerspectiveCameraLocY3=10.511699
PerspectiveCameraLocZ3=3.080000
PerspectiveCameraRotZ3=4.440011
ViewMode3=0
ViewportType3=3
OrthoZoomSize=28.000000
ActiveViewportIndex=0
bMultiView=0
OrthoPivotX=20.750111
OrthoPivotY=-11.699964
OrthoPivotZ=0.949976
