SplitterH.SplitRatio=0.500000
PerspectiveCameraLocY0=9.042336
PerspectiveCameraLocX3=25.799076
PerspectiveCameraRotY1=-0.098558
SplitterV.SplitRatio=0.500000
PerspectiveCameraRotX2=-0.000436
ShowFlag1=31
CameraSpeedSetting0=1
CameraSpeedScalar0=0.314511
PerspectiveCameraRotY2=-0.098558
PerspectiveCameraLocX0=25.799076
GridSize0=10.000000
PerspectiveCameraLocZ0=3.563550
ShowFlag3=31
CameraSpeedSetting2=1
PerspectiveCameraRotX0=-0.000436
PerspectiveCameraLocX2=25.799076
PerspectiveCameraRotY0=-0.098558
PerspectiveCameraRotZ0=69.499321
PerspectiveCameraRotX3=-0.000436
CameraSpeedSetting1=1
ShowFlag0=62
ViewMode0=2
ViewportType0=0
CameraSpeedScalar1=1.000000
GridSize1=10.000000
PerspectiveCameraRotY3=-0.098558
PerspectiveCameraLocX1=25.799076
ScreenHeight=961
PerspectiveCameraLocY1=9.042336
PerspectiveCameraLocZ1=3.563550
CameraSpeedSetting3=1
ShowFlag2=31
PerspectiveCameraRotX1=-0.000436
PerspectiveCameraRotZ1=69.499321
ViewMode1=0
ViewportType1=3
CameraSpeedScalar2=1.000000
GridSize2=10.000000
PerspectiveCameraLocY2=9.042336
PerspectiveCameraLocZ2=3.563550
PerspectiveCameraRotZ2=69.499321
ScreenWidth=1284
ViewMode2=0
ViewportType2=3
CameraSpeedScalar3=1.000000
GridSize3=10.000000
PerspectiveCameraLocY3=9.042336
PerspectiveCameraLocZ3=3.563550
PerspectiveCameraRotZ3=69.499321
ViewMode3=0
ViewportType3=3
OrthoZoomSize=28.000000
ActiveViewportIndex=0
bMultiView=0
OrthoPivotX=20.750111
OrthoPivotY=-11.699964
OrthoPivotZ=0.949976
