SplitterH.SplitRatio=0.500000
PerspectiveCameraLocY0=18.586037
PerspectiveCameraLocX3=43.079418
PerspectiveCameraRotY1=0.000000
SplitterV.SplitRatio=0.500000
PerspectiveCameraRotX2=-0.000000
ShowFlag1=31
CameraSpeedSetting0=1
CameraSpeedScalar0=0.314511
PerspectiveCameraRotY2=0.000000
PerspectiveCameraLocX0=43.079418
GridSize0=10.000000
PerspectiveCameraLocZ0=3.080000
ShowFlag3=31
CameraSpeedSetting2=1
PerspectiveCameraRotX0=-0.000000
PerspectiveCameraLocX2=43.079418
PerspectiveCameraRotY0=0.000000
PerspectiveCameraRotZ0=-176.299957
PerspectiveCameraRotX3=-0.000000
CameraSpeedSetting1=1
ShowFlag0=62
ViewMode0=2
ViewportType0=0
CameraSpeedScalar1=1.000000
GridSize1=10.000000
PerspectiveCameraRotY3=0.000000
PerspectiveCameraLocX1=43.079418
ScreenHeight=961
PerspectiveCameraLocY1=18.586037
PerspectiveCameraLocZ1=3.080000
CameraSpeedSetting3=1
ShowFlag2=31
PerspectiveCameraRotX1=-0.000000
PerspectiveCameraRotZ1=-176.299957
ViewMode1=0
ViewportType1=3
CameraSpeedScalar2=1.000000
GridSize2=10.000000
PerspectiveCameraLocY2=18.586037
PerspectiveCameraLocZ2=3.080000
PerspectiveCameraRotZ2=-176.299957
ScreenWidth=1284
ViewMode2=0
ViewportType2=3
CameraSpeedScalar3=1.000000
GridSize3=10.000000
PerspectiveCameraLocY3=18.586037
PerspectiveCameraLocZ3=3.080000
PerspectiveCameraRotZ3=-176.299957
ViewMode3=0
ViewportType3=3
OrthoZoomSize=28.000000
ActiveViewportIndex=0
bMultiView=0
OrthoPivotX=20.750111
OrthoPivotY=-11.699964
OrthoPivotZ=0.949976
